  1850      -0.553        0.146              NaN             NaN            -0.499        0.136              NaN             NaN
  1851      -0.434        0.185              NaN             NaN            -0.397        0.165              NaN             NaN
  1852      -0.422        0.187           -0.450           0.119            -0.375        0.167           -0.406           0.108
  1853      -0.447        0.144           -0.412           0.109            -0.405        0.132           -0.369           0.100
  1854      -0.393        0.126           -0.424           0.092            -0.355        0.118           -0.380           0.086
  1855      -0.363        0.122           -0.464           0.076            -0.310        0.115           -0.416           0.074
  1856      -0.495        0.117           -0.469           0.074            -0.453        0.110           -0.421           0.072
  1857      -0.620        0.114           -0.473           0.076            -0.558        0.110           -0.427           0.074
  1858      -0.473        0.127           -0.500           0.075            -0.430        0.119           -0.456           0.074
  1859      -0.417        0.132           -0.518           0.089            -0.383        0.124           -0.473           0.086
  1860      -0.494        0.173           -0.529           0.098            -0.456        0.156           -0.480           0.095
  1861      -0.588        0.152           -0.521           0.108            -0.536        0.144           -0.472           0.106
  1862      -0.671        0.151           -0.531           0.105            -0.597        0.145           -0.479           0.106
  1863      -0.437        0.161           -0.504           0.110            -0.387        0.160           -0.453           0.114
  1864      -0.463        0.132           -0.448           0.112            -0.419        0.129           -0.399           0.117
  1865      -0.362        0.153           -0.373           0.115            -0.325        0.156           -0.334           0.122
  1866      -0.308        0.155           -0.342           0.111            -0.267        0.153           -0.304           0.117
  1867      -0.294        0.144           -0.309           0.107            -0.271        0.146           -0.275           0.112
  1868      -0.282        0.127           -0.311           0.093            -0.237        0.129           -0.279           0.096
  1869      -0.297        0.117           -0.329           0.081            -0.274        0.114           -0.295           0.084
  1870      -0.374        0.125           -0.343           0.074            -0.344        0.118           -0.306           0.074
  1871      -0.395        0.105           -0.352           0.068            -0.348        0.103           -0.317           0.068
  1872      -0.366        0.111           -0.371           0.068            -0.329        0.106           -0.338           0.068
  1873      -0.327        0.105           -0.384           0.066            -0.290        0.103           -0.347           0.067
  1874      -0.395        0.103           -0.392           0.067            -0.380        0.102           -0.357           0.067
  1875      -0.436        0.098           -0.329           0.072            -0.388        0.097           -0.296           0.071
  1876      -0.436        0.101           -0.253           0.073            -0.395        0.100           -0.228           0.071
  1877      -0.049        0.119           -0.233           0.072            -0.028        0.114           -0.203           0.070
  1878       0.050        0.104           -0.217           0.075             0.052        0.102           -0.188           0.072
  1879      -0.295        0.094           -0.182           0.074            -0.255        0.092           -0.155           0.071
  1880      -0.358        0.101           -0.235           0.067            -0.315        0.098           -0.202           0.066
  1881      -0.259        0.092           -0.318           0.068            -0.229        0.090           -0.279           0.065
  1882      -0.313        0.084           -0.364           0.066            -0.261        0.085           -0.320           0.063
  1883      -0.364        0.093           -0.392           0.062            -0.334        0.090           -0.346           0.059
  1884      -0.527        0.080           -0.447           0.062            -0.462        0.079           -0.396           0.059
  1885      -0.499        0.083           -0.496           0.063            -0.445        0.081           -0.442           0.060
  1886      -0.533        0.096           -0.495           0.063            -0.480        0.089           -0.439           0.059
  1887      -0.556        0.084           -0.436           0.063            -0.488        0.082           -0.386           0.059
  1888      -0.363        0.086           -0.440           0.064            -0.319        0.084           -0.390           0.061
  1889      -0.229        0.082           -0.415           0.062            -0.199        0.082           -0.367           0.060
  1890      -0.517        0.093           -0.394           0.061            -0.467        0.092           -0.352           0.060
  1891      -0.410        0.089           -0.409           0.060            -0.362        0.091           -0.369           0.060
  1892      -0.451        0.087           -0.450           0.059            -0.415        0.088           -0.407           0.060
  1893      -0.439        0.087           -0.420           0.060            -0.403        0.088           -0.379           0.061
  1894      -0.430        0.083           -0.391           0.060            -0.386        0.085           -0.351           0.060
  1895      -0.368        0.088           -0.352           0.058            -0.332        0.090           -0.314           0.059
  1896      -0.269        0.083           -0.354           0.057            -0.221        0.086           -0.317           0.059
  1897      -0.251        0.082           -0.325           0.059            -0.231        0.084           -0.290           0.059
  1898      -0.452        0.084           -0.286           0.059            -0.415        0.084           -0.256           0.059
  1899      -0.283        0.091           -0.281           0.059            -0.253        0.088           -0.258           0.058
  1900      -0.174        0.083           -0.308           0.059            -0.160        0.084           -0.282           0.058
  1901      -0.245        0.082           -0.315           0.058            -0.231        0.083           -0.291           0.057
  1902      -0.387        0.083           -0.364           0.057            -0.349        0.083           -0.340           0.056
  1903      -0.487        0.077           -0.403           0.056            -0.463        0.078           -0.377           0.055
  1904      -0.528        0.086           -0.413           0.055            -0.498        0.086           -0.385           0.055
  1905      -0.369        0.076           -0.430           0.053            -0.344        0.078           -0.400           0.053
  1906      -0.295        0.080           -0.430           0.051            -0.269        0.081           -0.400           0.052
  1907      -0.471        0.074           -0.434           0.049            -0.425        0.077           -0.402           0.050
  1908      -0.486        0.073           -0.463           0.049            -0.465        0.076           -0.430           0.050
  1909      -0.546        0.073           -0.512           0.048            -0.506        0.074           -0.481           0.049
  1910      -0.519        0.072           -0.511           0.048            -0.482        0.074           -0.482           0.048
  1911      -0.536        0.072           -0.499           0.048            -0.527        0.074           -0.467           0.048
  1912      -0.467        0.073           -0.440           0.048            -0.428        0.075           -0.411           0.048
  1913      -0.425        0.068           -0.375           0.049            -0.391        0.069           -0.347           0.049
  1914      -0.255        0.075           -0.355           0.051            -0.226        0.076           -0.321           0.051
  1915      -0.192        0.080           -0.371           0.053            -0.162        0.083           -0.335           0.054
  1916      -0.435        0.084           -0.364           0.055            -0.398        0.087           -0.326           0.057
  1917      -0.548        0.083           -0.374           0.058            -0.498        0.086           -0.339           0.059
  1918      -0.390        0.081           -0.393           0.058            -0.347        0.083           -0.362           0.059
  1919      -0.305        0.085           -0.350           0.056            -0.293        0.088           -0.324           0.058
  1920      -0.288        0.078           -0.302           0.052            -0.276        0.082           -0.283           0.054
  1921      -0.218        0.073           -0.282           0.051            -0.205        0.076           -0.269           0.053
  1922      -0.311        0.069           -0.278           0.049            -0.293        0.071           -0.265           0.050
  1923      -0.290        0.071           -0.269           0.049            -0.280        0.072           -0.254           0.050
  1924      -0.283        0.070           -0.244           0.049            -0.271        0.072           -0.228           0.050
  1925      -0.241        0.072           -0.224           0.049            -0.224        0.074           -0.208           0.050
  1926      -0.096        0.068           -0.204           0.049            -0.074        0.070           -0.188           0.050
  1927      -0.212        0.064           -0.224           0.049            -0.194        0.066           -0.203           0.050
  1928      -0.190        0.066           -0.207           0.047            -0.179        0.068           -0.188           0.049
  1929      -0.383        0.067           -0.207           0.047            -0.346        0.069           -0.192           0.048
  1930      -0.154        0.068           -0.191           0.046            -0.149        0.069           -0.178           0.047
  1931      -0.096        0.067           -0.217           0.045            -0.090        0.069           -0.202           0.047
  1932      -0.131        0.061           -0.176           0.044            -0.127        0.063           -0.167           0.045
  1933      -0.321        0.065           -0.190           0.043            -0.299        0.066           -0.177           0.044
  1934      -0.181        0.062           -0.205           0.042            -0.170        0.064           -0.189           0.043
  1935      -0.222        0.064           -0.179           0.043            -0.197        0.066           -0.166           0.044
  1936      -0.169        0.064           -0.113           0.042            -0.151        0.065           -0.109           0.043
  1937       0.001        0.063           -0.081           0.043            -0.012        0.065           -0.076           0.044
  1938       0.008        0.065           -0.022           0.044            -0.014        0.067           -0.025           0.045
  1939      -0.023        0.073            0.022           0.046            -0.003        0.075            0.021           0.047
  1940       0.073        0.074            0.024           0.049             0.057        0.077            0.028           0.051
  1941       0.051        0.076            0.032           0.055             0.075        0.080            0.038           0.057
  1942       0.010        0.085            0.066           0.060             0.023        0.089            0.067           0.063
  1943       0.051        0.086            0.052           0.063             0.039        0.091            0.060           0.067
  1944       0.144        0.086            0.030           0.060             0.140        0.091            0.036           0.063
  1945       0.006        0.086            0.036           0.055             0.021        0.090            0.033           0.058
  1946      -0.062        0.083            0.011           0.055            -0.043        0.088            0.015           0.058
  1947       0.040        0.085           -0.039           0.056             0.007        0.090           -0.030           0.059
  1948      -0.074        0.089           -0.074           0.059            -0.049        0.094           -0.067           0.063
  1949      -0.103        0.072           -0.062           0.057            -0.083        0.075           -0.057           0.060
  1950      -0.172        0.069           -0.056           0.054            -0.165        0.072           -0.046           0.057
  1951       0.000        0.064           -0.015           0.050             0.006        0.068           -0.014           0.053
  1952       0.069        0.068           -0.008           0.048             0.058        0.071           -0.011           0.051
  1953       0.129        0.067            0.004           0.047             0.114        0.070           -0.003           0.049
  1954      -0.064        0.066           -0.032           0.045            -0.070        0.070           -0.043           0.047
  1955      -0.112        0.063           -0.035           0.043            -0.123        0.066           -0.043           0.045
  1956      -0.181        0.057           -0.049           0.041            -0.194        0.060           -0.050           0.043
  1957       0.052        0.056           -0.029           0.039             0.057        0.059           -0.028           0.041
  1958       0.062        0.055           -0.008           0.038             0.080        0.058           -0.005           0.039
  1959       0.036        0.052            0.042           0.036             0.040        0.056            0.050           0.038
  1960      -0.011        0.053            0.037           0.036            -0.007        0.055            0.043           0.037
  1961       0.073        0.050            0.038           0.036             0.082        0.053            0.042           0.037
  1962       0.025        0.054           -0.010           0.035             0.021        0.056           -0.002           0.036
  1963       0.066        0.053           -0.029           0.035             0.075        0.056           -0.022           0.036
  1964      -0.204        0.049           -0.050           0.035            -0.182        0.052           -0.045           0.036
  1965      -0.103        0.050           -0.054           0.034            -0.104        0.053           -0.050           0.036
  1966      -0.035        0.051           -0.078           0.033            -0.035        0.055           -0.073           0.034
  1967       0.007        0.049           -0.020           0.031            -0.004        0.052           -0.019           0.033
  1968      -0.056        0.049            0.005           0.030            -0.041        0.051            0.009           0.032
  1969       0.087        0.046           -0.008           0.029             0.089        0.049           -0.003           0.031
  1970       0.023        0.045           -0.011           0.028             0.038        0.048           -0.003           0.030
  1971      -0.099        0.047            0.022           0.027            -0.096        0.050            0.027           0.029
  1972      -0.009        0.046           -0.017           0.027            -0.006        0.049           -0.016           0.028
  1973       0.108        0.042           -0.032           0.026             0.111        0.045           -0.036           0.028
  1974      -0.108        0.045           -0.045           0.026            -0.129        0.047           -0.049           0.027
  1975      -0.053        0.045           -0.016           0.025            -0.058        0.048           -0.023           0.027
  1976      -0.161        0.046           -0.035           0.025            -0.160        0.048           -0.044           0.026
  1977       0.136        0.042            0.006           0.024             0.120        0.044            0.004           0.025
  1978       0.010        0.043            0.060           0.024             0.008        0.045            0.056           0.024
  1979       0.097        0.032            0.145           0.022             0.113        0.033            0.133           0.023
  1980       0.216        0.039            0.127           0.023             0.200        0.039            0.119           0.024
  1981       0.264        0.037            0.172           0.022             0.224        0.039            0.164           0.024
  1982       0.046        0.040            0.167           0.023             0.052        0.043            0.151           0.025
  1983       0.238        0.039            0.136           0.023             0.230        0.041            0.122           0.025
  1984       0.072        0.036            0.106           0.024             0.052        0.038            0.096           0.025
  1985       0.059        0.031            0.146           0.024             0.050        0.033            0.132           0.025
  1986       0.114        0.036            0.157           0.024             0.095        0.037            0.139           0.026
  1987       0.247        0.033            0.178           0.025             0.232        0.035            0.160           0.026
  1988       0.292        0.035            0.239           0.027             0.265        0.036            0.218           0.028
  1989       0.175        0.037            0.286           0.028             0.155        0.039            0.261           0.030
  1990       0.368        0.038            0.270           0.029             0.340        0.040            0.247           0.031
  1991       0.350        0.040            0.250           0.031             0.313        0.042            0.230           0.033
  1992       0.164        0.042            0.265           0.033             0.164        0.044            0.247           0.035
  1993       0.195        0.044            0.269           0.035             0.178        0.046            0.248           0.037
  1994       0.246        0.044            0.258           0.036             0.242        0.047            0.231           0.038
  1995       0.391        0.044            0.312           0.036             0.344        0.047            0.281           0.039
  1996       0.293        0.044            0.391           0.037             0.227        0.046            0.352           0.040
  1997       0.436        0.043            0.412           0.038             0.413        0.045            0.364           0.041
  1998       0.588        0.047            0.407           0.039             0.532        0.049            0.359           0.041
  1999       0.353        0.047            0.450           0.040             0.305        0.050            0.409           0.042
  2000       0.366        0.048            0.480           0.041             0.317        0.050            0.432           0.043
  2001       0.508        0.047            0.477           0.041             0.475        0.050            0.432           0.044
  2002       0.586        0.046            0.501           0.041             0.532        0.049            0.463           0.044
  2003       0.571        0.047            0.559           0.041             0.529        0.050            0.516           0.044
  2004       0.474        0.044            0.579           0.041             0.460        0.047            0.524           0.044
  2005       0.655        0.046            0.584           0.041             0.583        0.049            0.524           0.043
  2006       0.607        0.045            0.567           0.041             0.516        0.047            0.504           0.043
  2007       0.616        0.043            0.595           0.041             0.532        0.045            0.520           0.043
  2008       0.482        0.044            0.602           0.041             0.428        0.046            0.524           0.043
  2009       0.616        0.045            0.595           0.040             0.540        0.047            0.517           0.042
  2010       0.688        0.043            0.588           0.040             0.603        0.046            0.512           0.042
  2011       0.572        0.044            0.614           0.040             0.480        0.046            0.539           0.042
  2012       0.585        0.042            0.626           0.040             0.509        0.045            0.554           0.042
  2013       0.611        0.043            0.651           0.040             0.562        0.046            0.586           0.042
  2014       0.675        0.045            0.727           0.040             0.618        0.047            0.658           0.042
  2015       0.813        0.042            0.777           0.040             0.763        0.045            0.705           0.042
  2016       0.951        0.044            0.809           0.040             0.838        0.046            0.725           0.042
  2017       0.836        0.044              NaN             NaN             0.742        0.046              NaN             NaN
  2018       0.769        0.042              NaN             NaN             0.663        0.044              NaN             NaN